variable	BETA1	BETA2	SE1	SE2
rs12272917	0.0715430377240805	0.0218272070573725	0.0220505146809183	0.0220699109121862
rs12272917	0.0966807914073174	0.0854040595111583	0.0604912844202065	0.0607718594326411
rs12272917	0.138338983050847	0.0450079845916795	0.0998447462691273	0.100094771868191
rs12272917	0.12980497448014	0.121908418715972	0.0261241204010233	0.0261034412892773
rs12283755	0.0737540950680578	0.028524192051575	0.0219609194931056	0.0219791685045949
rs12283755	0.0912965958244446	0.0744658799639392	0.0605097372282316	0.0607870714369181
rs12283755	0.151379048490393	0.0512020951509607	0.0978128888468998	0.0980551990568238
rs12283755	0.117696177142786	0.117601116504854	0.0259654038804267	0.0259471486838219
rs12284933	0.0787893149236114	0.0340463199847602	0.022071406425929	0.0220880216966821
rs12284933	0.080334930421829	0.0708595505577154	0.061065914589738	0.0613305199701108
rs12284933	0.134777570981886	0.0570488381972398	0.0987446545928794	0.0992240870007377
rs12284933	0.122538418924239	0.123714855822813	0.0263946876643242	0.0263629712797548
rs12741884	0.088468343038325	0.0117351743382219	0.0229603934390619	0.02299800564515
rs12741884	0.0940540520642904	0.0312608301168841	0.0582472244808715	0.0585434531140942
rs12741884	0.156881896631288	0.00346535763728657	0.102354867056643	0.10255395979328
rs12741884	0.0891088869898134	0.00906334433012749	0.0276532377102716	0.0276922716916248
rs13245690	0.052115490903938	-0.0217787012617197	0.0200495756995667	0.0200654197684334
rs13245690	0.0448616857784525	-0.116161104127166	0.053653555094656	0.0536477603473586
rs13245690	0.187376465343126	0.0239771542058756	0.0880075191354385	0.0886282141645365
rs13245690	0.11248427495091	0.00595674908379628	0.0226273400643949	0.0226877278678991
rs2110281	0.0576002367241976	-0.00113355616541448	0.0201749246492565	0.0201879025242878
rs2110281	0.070984979737437	-0.115827354148952	0.0532469021899572	0.0533109008958127
rs2110281	0.164098698557861	0.0287428420682378	0.0890804138183056	0.0891705792624622
rs2110281	0.116135448736044	0.0300398650419103	0.0229732019752474	0.023040451654394
rs2955382	0.0400812948651199	-0.0600555498871535	0.0198714325468045	0.019872050724786
rs2955382	0.0249956689221766	0.0325507218075113	0.0477585467071219	0.0479133845304633
rs2955382	-0.0808503376809005	-0.0608033753796677	0.090262802403355	0.090279435599523
rs2955382	0.0397050253361456	-0.0573049014917289	0.0215351987649255	0.0215224035221381
rs3765350	0.103364538444422	0.00210816598293866	0.0233790318157127	0.0234188330460436
rs3765350	0.0090798786555378	-0.0115994168980871	0.0564687410263019	0.0567157423891039
rs3765350	0.072658291178285	-0.0311898025909932	0.109940153278096	0.109593138096615
rs3765350	0.101943509710017	0.0206380455086641	0.026073283714631	0.0261180957233211
rs6591341	0.0770829238812227	0.0334537080194255	0.0217082351699127	0.0217298749803801
rs6591341	0.0546055435722681	0.0419117418558408	0.0550095947651116	0.0553398141560371
rs6591341	0.135371964250116	0.0821319934214898	0.0950643982830499	0.0953355140815794
rs6591341	0.0984806485507078	0.133073971240307	0.0246635338717099	0.0245990624039531
rs6684375	-0.0971554243589623	0.0140240851751308	0.025476249138928	0.0255084721544443
rs6684375	-0.240866748046781	-0.0805307991620139	0.06233767284324	0.0630680815931943
rs6684375	-0.0757052796023433	-0.0121181839162081	0.110115305087538	0.109957070793336
rs6684375	-0.0384739910653046	0.0670163889664175	0.0283634915130971	0.0283542727732464
rs6726821	0.0829996686356642	0.00999028753908911	0.0195201685181382	0.0195617378205045
rs6726821	-0.00765667621182179	0.0408261993765881	0.0486488094906889	0.0488491152197756
rs6726821	0.0473542304375943	0.0575364351153266	0.0843069031016734	0.0849427803202876
rs6726821	0.0845856693856597	-0.00055577367611172	0.0218637357135415	0.02189864103923
rs7501812	-0.0477331465487379	0.0720940773078896	0.0203860035048033	0.0203737966310727
rs7501812	0.0270041324234064	0.00031628139973863	0.0479383412424107	0.0481206278478804
rs7501812	0.046416017186952	0.115487634163451	0.0896025710883611	0.0892581480262063
rs7501812	-0.0572046034430603	0.0446395067352577	0.0218595452973284	0.021869488970319
rs754388	0.0862483029630153	-0.0219523736341803	0.0251348671033411	0.0251678725344608
rs754388	-0.0066810517199792	-0.0508307923522057	0.0675141564971434	0.0676607418343301
rs754388	-0.114445936855323	0.145030312135618	0.110688011619261	0.110154376106797
rs754388	0.120265481260196	-0.0308745186266394	0.0299109731530805	0.0299628833262549
rs7672749	-0.0839053547977128	0.0573162249901054	0.0336110477779217	0.0336049013038551
rs7672749	0.0093763055353241	0.135476344683176	0.0789975842537741	0.0791302785413679
rs7672749	NA	NA	NA	NA
rs7672749	-0.101897803869168	0.0319667654084252	0.0358863278901409	0.0359199381104099
rs917727	-0.118648781600145	0.018932601662339	0.0219410682028349	0.021992011708251
rs917727	6.21872794941676e-05	0.0728674026315425	0.0533613423922813	0.0534945916503059
rs917727	-0.128206292134831	-0.035706404494382	0.0963757699477773	0.0965213210668871
rs917727	-0.169531632705112	-0.0249474572370009	0.0243415882293784	0.0244842438402522
rs9525638	-0.0735690859882613	0.0182871513387994	0.0197182256001007	0.0197458398898429
rs9525638	-0.00368193574993028	-0.0266503818927306	0.0494003675422069	0.0495804527666139
rs9525638	-0.0308320282146161	-0.00557186170212766	0.0888440779009825	0.0889454817026132
rs9525638	-0.0928537762052189	-0.0155226184304843	0.0220089473463717	0.0220547611572174
